function [BD,LD,TL]=data417()

Vbase=10; %%---Base Voltage in kV---%%
Sbase=100; %%---Base Power in MVA---%%
Zbase=Vbase*Vbase/Sbase; %%---Base impedance in ohms---%%
Ibase=1000*Sbase/Vbase;

LD=[1	89	67	0.107823000000000	0.0743400000000000	0	1	0	200
2	225	224	0.0694450000000000	0.0478800000000000	0	1	0	200
3	21	72	0.193715000000000	0.133560000000000	0	1	0	200
4	3	20	0.610385000000000	0.420840000000000	0	1	0	200
5	224	222	0.0694450000000000	0.0478800000000000	0	1	0	200
6	72	74	0.0219300000000000	0.0151200000000000	0	1	0	200
7	70	382	0.0310680000000000	0.0214200000000000	0	1	0	200
8	20	51	0.0877200000000000	0.0604800000000000	0	1	0	200
9	222	221	0.0877200000000000	0.0604800000000000	0	1	0	200
10	76	72	0.0548250000000000	0.0378000000000000	0	1	0	200
11	382	66	0.0328950000000000	0.0226800000000000	0	1	0	200
12	51	52	0.0694450000000000	0.0478800000000000	0	1	0	200
13	59	70	0.0537280000000000	0.0370440000000000	0	1	0	200
14	52	56	0.116960000000000	0.0806400000000000	0	1	0	200
15	1	273	0.0142540000000000	0.00982800000000000	0	1	0	200
16	81	76	0.0529980000000000	0.0365400000000000	0	1	0	200
17	68	85	0.0292400000000000	0.0201600000000000	0	1	0	200
18	56	27	0.0950300000000000	0.0655200000000000	0	1	0	200
19	1	274	0.115498000000000	0.0796320000000000	0	1	0	300
20	74	75	0.105995000000000	0.0730800000000000	0	1	0	200
21	68	93	0.0840650000000000	0.0579600000000000	0	1	0	200
22	274	275	0.0836990000000000	0.0577080000000000	0	1	0	300
23	72	73	0.0986850000000000	0.0680400000000000	0	1	0	200
24	60	58	0.0109650000000000	0.00756000000000000	0	1	0	200
25	31	40	0.105995000000000	0.0730800000000000	0	1	0	200
26	73	80	0.0731000000000000	0.0504000000000000	0	1	0	200
27	65	71	0.0712730000000000	0.0491400000000000	0	1	0	200
28	40	47	0.0913750000000000	0.0630000000000000	0	1	0	200
29	275	276	0.115863000000000	0.0798840000000000	0	1	0	300
30	73	77	0.0767550000000000	0.0529200000000000	0	1	0	200
31	69	65	0.0310680000000000	0.0214200000000000	0	1	0	200
32	51	54	0.0548250000000000	0.0378000000000000	0	1	0	200
33	276	264	0.115132000000000	0.0793800000000000	0	1	0	300
34	77	78	0.0511700000000000	0.0352800000000000	0	1	0	200
35	59	69	0.0211990000000000	0.0146160000000000	0	1	0	200
36	54	24	0.0731000000000000	0.0504000000000000	0	1	0	200
37	263	264	0.0687140000000000	0.0473760000000000	0	1	0	200
38	79	83	0.241230000000000	0.166320000000000	0	1	0	200
39	63	61	0.109650000000000	0.0756000000000000	0	1	0	200
40	24	29	0.0950300000000000	0.0655200000000000	0	1	0	200
41	262	263	0.0630940000000000	0.0532660000000000	0	1	0	300
42	82	80	0.0731000000000000	0.0504000000000000	0	1	0	200
43	71	63	0.0226610000000000	0.0156240000000000	0	1	0	200
44	29	34	0.115132000000000	0.0793800000000000	0	1	0	200
45	261	262	0.0379730000000000	0.0320580000000000	0	1	0	300
46	78	79	0.0219300000000000	0.0151200000000000	0	1	0	200
47	83	90	0.120981000000000	0.0834120000000000	0	1	0	200
48	58	62	0.129387000000000	0.0892080000000000	0	1	0	200
49	47	21	0.0840650000000000	0.0579600000000000	0	1	0	200
50	257	259	0.0687140000000000	0.0473760000000000	0	1	0	200
51	77	59	0.387430000000000	0.267120000000000	0	1	0	200
52	64	67	0.0449570000000000	0.0309960000000000	0	1	0	200
53	20	44	0.0146200000000000	0.0100800000000000	0	1	0	200
54	372	239	0.0265810000000000	0.0224410000000000	0	1	0	300
55	123	1	0.0135240000000000	0.0159530000000000	0	1	0	500
56	67	68	0.0862580000000000	0.0594720000000000	0	1	0	200
57	44	25	0.127925000000000	0.0882000000000000	0	1	0	200
58	264	265	0.0723690000000000	0.0498960000000000	0	1	0	300
59	120	94	0.253828000000000	0.258455000000000	0	1	0	400
60	62	64	0.0603070000000000	0.0415800000000000	0	1	0	200
61	25	35	0.127925000000000	0.0882000000000000	0	1	0	200
62	369	347	0.131580000000000	0.0907200000000000	0	1	0	200
63	120	123	0.294875000000000	0.300250000000000	0	1	0	400
64	58	20	0.592110000000000	0.408240000000000	0	1	0	200
65	35	38	0.0804100000000000	0.0554400000000000	0	1	0	200
66	114	115	0.0475150000000000	0.0327600000000000	0	1	0	200
67	1	92	0.388892000000000	0.268128000000000	0	1	0	200
68	38	41	0.104167000000000	0.0718200000000000	0	1	0	200
69	370	348	0.118788000000000	0.0819000000000000	0	1	0	200
70	115	112	0.0402050000000000	0.0277200000000000	0	1	0	200
71	92	2	0.341012000000000	0.235116000000000	0	1	0	200
72	383	251	0.0109650000000000	0.00756000000000000	0	1	0	200
73	94	113	0.0328950000000000	0.0226800000000000	0	1	0	200
74	92	87	0.0128520000000000	0.0108500000000000	0	1	0	300
75	43	48	0.0804100000000000	0.0554400000000000	0	1	0	200
76	383	370	0.0182750000000000	0.0126000000000000	0	1	0	200
77	113	114	0.0767550000000000	0.0529200000000000	0	1	0	200
78	2	17	0.0877200000000000	0.0604800000000000	0	1	0	200
79	48	50	0.0731000000000000	0.0504000000000000	0	1	0	200
80	208	277	0.0672520000000000	0.0463680000000000	0	1	0	200
81	106	95	0.0840650000000000	0.0579600000000000	0	1	0	200
82	6	7	0.0402050000000000	0.0277200000000000	0	1	0	200
83	277	278	0.0328950000000000	0.0226800000000000	0	1	0	200
84	84	33	0.0420330000000000	0.0289800000000000	0	1	0	200
85	277	279	0.0482460000000000	0.0332640000000000	0	1	0	200
86	94	111	0.0657900000000000	0.0453600000000000	0	1	0	200
87	18	5	0.122442000000000	0.0844200000000000	0	1	0	200
88	28	36	0.0913750000000000	0.0630000000000000	0	1	0	200
89	279	280	0.0343570000000000	0.0236880000000000	0	1	0	200
90	111	106	0.0657900000000000	0.0453600000000000	0	1	0	200
91	5	6	0.0493420000000000	0.0340200000000000	0	1	0	200
92	119	121	0.0102230000000000	0.00863100000000000	0	1	0	300
93	17	18	0.116960000000000	0.0806400000000000	0	1	0	200
94	49	45	0.0438600000000000	0.0302400000000000	0	1	0	200
95	281	235	0.0493420000000000	0.0340200000000000	0	1	0	300
96	94	119	0.0560280000000000	0.0660910000000000	0	1	0	500
97	2	14	0.0164480000000000	0.0113400000000000	0	1	0	200
98	55	23	0.0767550000000000	0.0529200000000000	0	1	0	200
99	281	282	0.0537280000000000	0.0370440000000000	0	1	0	300
100	118	84	0.0402050000000000	0.0277200000000000	0	1	0	200
101	8	9	0.0950300000000000	0.0655200000000000	0	1	0	200
102	23	28	0.0694450000000000	0.0478800000000000	0	1	0	200
103	119	122	0.0511700000000000	0.0352800000000000	0	1	0	200
104	9	3	0.0146200000000000	0.0100800000000000	0	1	0	200
105	33	55	0.0438600000000000	0.0302400000000000	0	1	0	200
106	235	236	0.0420330000000000	0.0289800000000000	0	1	0	300
107	122	118	0.201025000000000	0.138600000000000	0	1	0	200
108	16	19	0.157165000000000	0.108360000000000	0	1	0	200
109	21	50	0.0365500000000000	0.0252000000000000	0	1	0	200
110	208	236	0.0767550000000000	0.0529200000000000	0	1	0	400
111	104	105	0.0496570000000000	0.0419220000000000	0	1	0	300
112	19	8	0.0219300000000000	0.0151200000000000	0	1	0	200
113	32	44	0.255850000000000	0.176400000000000	0	1	0	200
114	232	349	0.0759460000000000	0.0641160000000000	0	1	0	300
115	84	104	0.0731000000000000	0.0504000000000000	0	1	0	200
116	14	16	0.0986850000000000	0.0680400000000000	0	1	0	200
117	37	32	0.105995000000000	0.0730800000000000	0	1	0	200
118	349	207	0.0321310000000000	0.0271260000000000	0	1	0	300
119	2	13	0.0321310000000000	0.0271260000000000	0	1	0	300
120	380	229	0.0411860000000000	0.0347710000000000	0	1	0	300
121	109	108	0.0496570000000000	0.0419220000000000	0	1	0	300
122	4	12	0.0671830000000000	0.0567180000000000	0	1	0	300
123	46	42	0.0255850000000000	0.0176400000000000	0	1	0	200
124	229	228	0.0630940000000000	0.0532660000000000	0	1	0	300
125	84	109	0.0475150000000000	0.0327600000000000	0	1	0	200
126	12	15	0.105156000000000	0.0887760000000000	0	1	0	300
127	46	50	0.0365500000000000	0.0252000000000000	0	1	0	200
128	232	231	0.0968570000000000	0.0667800000000000	0	1	0	200
129	110	84	0.0438600000000000	0.0302400000000000	0	1	0	200
130	15	11	0.132906000000000	0.112203000000000	0	1	0	300
131	21	49	0.135235000000000	0.0932400000000000	0	1	0	200
132	232	293	0.0749270000000000	0.0516600000000000	0	1	0	200
133	103	110	0.0767550000000000	0.0529200000000000	0	1	0	200
