function [BD,LD,TL]=data136()

Vbase=13.8; %%---Base Voltage in kV---%%
Sbase=1; %%---Base Power in MVA---%%
Zbase=Vbase*Vbase/Sbase; %%---Base impedance in ohms---%%

%% ----Line Data (or Branch data) of the system----- %%

%%--- Line   From    To     R          X     Line Charging  Tap    Angle----%% 
%%---Number  Bus    Bus (in ohms)  (in ohms)  (in ohms)    Ratio   Shift----%%
LD = [ 1      1      2   0.33205     0.76653       0.0        1.0      0
       2      2      3   0.00188     0.00433       0.0        1.0      0
       3      3      4   0.22324     0.51535       0.0        1.0      0
       4      4      5   0.09943     0.22953       0.0        1.0      0
       5      5      6   0.15571     0.35945       0.0        1.0      0
       6      6      7   0.16321     0.37677       0.0        1.0      0
       7      7      8   0.11444     0.26417       0.0        1.0      0
       8      7      9   0.05675     0.05666       0.0        1.0      0
       9      9      10  0.52124     0.27418       0.0        1.0      0
       10     9      11  0.10877     0.10860       0.0        1.0      0
       11     11     12  0.39803     0.20937       0.0        1.0      0
       12     11     13  0.91744     0.31469       0.0        1.0      0
       13     11     14  0.11823     0.11805       0.0        1.0      0
       14     14     15  0.50228     0.26421       0.0        1.0      0
       15     14     16  0.05675     0.05666       0.0        1.0      0
       16     16     17  0.29379     0.15454       0.0        1.0      0
       17     1      18  0.33205     0.76653       0.0        1.0      0
       18     18     19  0.00188     0.00433       0.0        1.0      0
       19     19     20  0.22324     0.51535       0.0        1.0      0
       20     20     21  0.10881     0.25118       0.0        1.0      0
       21     21     22  0.71078     0.37388       0.0        1.0      0
       22     21     23  0.18197     0.42008       0.0        1.0      0
       23     23     24  0.30326     0.15952       0.0        1.0      0
       24     23     25  0.02439     0.05630       0.0        1.0      0
       25     25     26  0.04502     0.10394       0.0        1.0      0
       26     26     27  0.01876     0.04331       0.0        1.0      0
       27     27     28  0.11823     0.11805       0.0        1.0      0
       28     28     29  0.02365     0.02361       0.0        1.0      0
       29     29     30  0.18954     0.09970       0.0        1.0      0
       30     30     31  0.39803     0.20937       0.0        1.0      0
       31     29     32  0.05675     0.05666       0.0        1.0      0
       32     32     33  0.09477     0.04985       0.0        1.0      0
       33     33     34  0.41699     0.21934       0.0        1.0      0
       34     34     35  0.11372     0.05982       0.0        1.0      0
       35     32     36  0.07566     0.07555       0.0        1.0      0
       36     36     37  0.36960     0.19442       0.0        1.0      0
       37     37     38  0.26536     0.13958       0.0        1.0      0
       38     36     39  0.05675     0.05666       0.0        1.0      0
       39     1      40  0.33205     0.76653       0.0        1.0      0
       40     40     41  0.11819     0.27283       0.0        1.0      0
       41     41     42  2.96288     1.01628       0.0        1.0      0
       42     41     43  0.00188     0.00433       0.0        1.0      0
       43     43     44  0.06941     0.16024       0.0        1.0      0
       44     44     45  0.81502     0.42872       0.0        1.0      0
       45     44     46  0.06378     0.14724       0.0        1.0      0
       46     46     47  0.13132     0.30315       0.0        1.0      0
       47     47     48  0.06191     0.14291       0.0        1.0      0
       48     48     49  0.11444     0.26417       0.0        1.0      0
       49     49     50  0.28374     0.28331       0.0        1.0      0
       50     50     51  0.28374     0.28331       0.0        1.0      0
       51     49     52  0.04502     0.10394       0.0        1.0      0
       52     52     53  0.02626     0.06063       0.0        1.0      0
       53     53     54  0.06003     0.31858       0.0        1.0      0
       54     54     55  0.03002     0.06929       0.0        1.0      0
       55     55     56  0.02064     0.04764       0.0        1.0      0
       56     53     57  0.10881     0.25118       0.0        1.0      0
       57     57     58  0.25588     0.13460       0.0        1.0      0
       58     58     59  0.41699     0.21934       0.0        1.0      0
       59     59     60  0.50228     0.26421       0.0        1.0      0
       60     60     61  0.33170     0.17448       0.0        1.0      0
       61     61     62  0.20849     0.10967       0.0        1.0      0
       62     48     63  0.13882     0.32047       0.0        1.0      0
       63     1      64  0.00750     0.01732       0.0        1.0      0
       64     64     65  0.27014     0.62362       0.0        1.0      0
       65     65     66  0.38270     0.88346       0.0        1.0      0
       66     66     67  0.33018     0.76220       0.0        1.0      0
       67     67     68  0.32830     0.75787       0.0        1.0      0
       68     68     69  0.17072     0.39409       0.0        1.0      0
       69     69     70  0.55914     0.29412       0.0        1.0      0
       70     69     71  0.05816     0.13425       0.0        1.0      0
       71     71     72  0.70130     0.36890       0.0        1.0      0
       72     72     73  1.02352     0.53839       0.0        1.0      0
       73     71     74  0.06754     0.15591       0.0        1.0      0
       74     74     75  1.32352     0.45397       0.0        1.0      0
       75     1      76  0.01126     0.02598       0.0        1.0      0
       76     76     77  0.72976     1.68464       0.0        1.0      0
       77     77     78  0.22512     0.51968       0.0        1.0      0
       78     78     79  0.20824     0.48071       0.0        1.0      0
       79     79     80  0.04690     0.10827       0.0        1.0      0
       80     80     81  0.61950     0.61857       0.0        1.0      0
       81     81     82  0.34049     0.33998       0.0        1.0      0
       82     82     83  0.56862     0.29911       0.0        1.0      0
       83     82     84  0.10877     0.10860       0.0        1.0      0
       84     84     85  0.56862     0.29911       0.0        1.0      0
       85     1      86  0.01126     0.02598       0.0        1.0      0
       86     86     87  0.41835     0.96575       0.0        1.0      0
       87     87     88  0.10499     0.13641       0.0        1.0      0
       88     87     89  0.43898     1.01338       0.0        1.0      0
       89     89     90  0.07520     0.02579       0.0        1.0      0
       90     90     91  0.07692     0.17756       0.0        1.0      0
       91     91     92  0.33205     0.76653       0.0        1.0      0
       92     92     93  0.08442     0.19488       0.0        1.0      0
       93     93     94  0.13320     0.30748       0.0        1.0      0
       94     94     95  0.29320     0.29276       0.0        1.0      0
       95     95     96  0.21753     0.21721       0.0        1.0      0
       96     96     97  0.26482     0.26443       0.0        1.0      0
       97     94     98  0.10318     0.23819       0.0        1.0      0
       98     98     99  0.13507     0.31181       0.0        1.0      0
       99     1      100 0.00938     0.02165       0.0        1.0      0
       100    100    101 0.16884     0.38976       0.0        1.0      0
       101    101    102 0.11819     0.27283       0.0        1.0      0
       102    102    103 2.28608     0.78414       0.0        1.0      0
