function [BD,LD,TL]=data84()

Vbase=11.40; %%---Base Voltage in kV---%%
Sbase=1; %%---Base Power in MVA---%%
Zbase=Vbase*Vbase/Sbase; %%---Base impedance in ohms---%%

%% ----Line Data (or Branch data) of the system----- %%

%%--- Line   From    To     R          X     Line Charging  Tap    Angle----%% 
%%---Number  Bus    Bus (in ohms)  (in ohms)  (in ohms)    Ratio   Shift----%%
LD=[1	1	2	0.194400000000000	0.662400000000000	0	1	0
2	2	3	0.209600000000000	0.430400000000000	0	1	0
3	3	4	0.235800000000000	0.484200000000000	0	1	0
4	4	5	0.0917000000000000	0.188300000000000	0	1	0
5	5	6	0.209600000000000	0.430400000000000	0	1	0
6	6	7	0.0393000000000000	0.0807000000000000	0	1	0
7	7	8	0.0405000000000000	0.138000000000000	0	1	0
8	8	9	0.104800000000000	0.215200000000000	0	1	0
9	8	10	0.235800000000000	0.484200000000000	0	1	0
10	8	11	0.104800000000000	0.215200000000000	0	1	0
11	1	12	0.0786000000000000	0.161400000000000	0	1	0
12	12	13	0.340600000000000	0.694400000000000	0	1	0
13	13	14	0.0262000000000000	0.0538000000000000	0	1	0
14	13	15	0.0786000000000000	0.161400000000000	0	1	0
15	1	16	0.113400000000000	0.386400000000000	0	1	0
16	16	17	0.0524000000000000	0.107600000000000	0	1	0
17	17	18	0.0524000000000000	0.107600000000000	0	1	0
18	18	19	0.157200000000000	0.322800000000000	0	1	0
19	19	20	0.0393000000000000	0.0807000000000000	0	1	0
20	20	21	0.170300000000000	0.349700000000000	0	1	0
21	21	22	0.235800000000000	0.484200000000000	0	1	0
22	22	23	0.157200000000000	0.322800000000000	0	1	0
23	22	24	0.196500000000000	0.403500000000000	0	1	0
24	24	25	0.131000000000000	0.269000000000000	0	1	0
25	1	26	0.0567000000000000	0.193200000000000	0	1	0
26	26	27	0.104800000000000	0.215200000000000	0	1	0
27	27	28	0.248900000000000	0.511100000000000	0	1	0
28	28	29	0.0486000000000000	0.165600000000000	0	1	0
29	29	30	0.131000000000000	0.269000000000000	0	1	0
30	1	31	0.196500000000000	0.396000000000000	0	1	0
31	31	32	0.131000000000000	0.269000000000000	0	1	0
32	32	33	0.131000000000000	0.269000000000000	0	1	0
33	33	34	0.0262000000000000	0.0538000000000000	0	1	0
34	34	35	0.170300000000000	0.349700000000000	0	1	0
35	35	36	0.0524000000000000	0.107600000000000	0	1	0
36	36	37	0.497800000000000	1.02220000000000	0	1	0
37	37	38	0.0393000000000000	0.0807000000000000	0	1	0
38	38	39	0.0393000000000000	0.0807000000000000	0	1	0
39	39	40	0.0786000000000000	0.161400000000000	0	1	0
40	40	41	0.209600000000000	0.430400000000000	0	1	0
41	39	42	0.196500000000000	0.403500000000000	0	1	0
42	42	43	0.209600000000000	0.430400000000000	0	1	0
43	1	44	0.0486000000000000	0.165600000000000	0	1	0
44	44	45	0.0393000000000000	0.0807000000000000	0	1	0
45	45	46	0.131000000000000	0.269000000000000	0	1	0
46	46	47	0.235800000000000	0.484200000000000	0	1	0
47	1	48	0.243000000000000	0.828000000000000	0	1	0
48	48	49	0.0655000000000000	0.134500000000000	0	1	0
49	49	50	0.0655000000000000	0.134500000000000	0	1	0
50	50	51	0.0393000000000000	0.0807000000000000	0	1	0
51	51	52	0.0786000000000000	0.161400000000000	0	1	0
52	52	53	0.0393000000000000	0.0807000000000000	0	1	0
53	53	54	0.0786000000000000	0.161400000000000	0	1	0
54	54	55	0.0524000000000000	0.107600000000000	0	1	0
55	55	56	0.131000000000000	0.269000000000000	0	1	0
56	1	57	0.226800000000000	0.772800000000000	0	1	0
57	57	58	0.537100000000000	1.10290000000000	0	1	0
58	58	59	0.0524000000000000	0.107600000000000	0	1	0
59	59	60	0.0405000000000000	0.138000000000000	0	1	0
60	60	61	0.0393000000000000	0.0807000000000000	0	1	0
61	61	62	0.0262000000000000	0.0538000000000000	0	1	0
62	62	63	0.104800000000000	0.215200000000000	0	1	0
63	63	64	0.235800000000000	0.484200000000000	0	1	0
64	64	65	0.0243000000000000	0.0828000000000000	0	1	0
65	1	66	0.0486000000000000	0.165600000000000	0	1	0
66	66	67	0.170300000000000	0.349700000000000	0	1	0
67	67	68	0.121500000000000	0.414000000000000	0	1	0
68	68	69	0.218700000000000	0.745200000000000	0	1	0
69	69	70	0.0486000000000000	0.165600000000000	0	1	0
70	70	71	0.0729000000000000	0.248400000000000	0	1	0
71	71	72	0.0567000000000000	0.193200000000000	0	1	0
72	72	73	0.0262000000000000	0.0528000000000000	0	1	0
73	1	74	0.324000000000000	1.10400000000000	0	1	0
74	74	75	0.0324000000000000	0.110400000000000	0	1	0
75	75	76	0.0567000000000000	0.193200000000000	0	1	0
76	76	77	0.0486000000000000	0.165600000000000	0	1	0
77	1	78	0.251100000000000	0.855600000000000	0	1	0
78	78	79	0.129600000000000	0.441600000000000	0	1	0
79	79	80	0.0486000000000000	0.165600000000000	0	1	0
80	80	81	0.131000000000000	0.264000000000000	0	1	0
81	81	82	0.131000000000000	0.264000000000000	0	1	0
82	82	83	0.0917000000000000	0.188300000000000	0	1	0
83	83	84	0.314400000000000	0.645600000000000	0	1	0];

%% ----Bus Data of the system---- %%

%%--- Type 1 - PQ Bus ; Type 2 - PV Bus; Type 3 - Swing Bus

%%----Bus    Bus     V     theta     Pg     Qg       Pl      Ql     Qgmax    Qgmin----%% 
%%---Number  Type (in pu) (in rad) (in kW)(in kVAR)(in kW)(in kVAR)(in pu)  (in pu)----%%
BD=[1	3	1	0	0	0	0	0	0	0
2	1	1	0	0	0	0	0	0	0
3	1	1	0	0	0	100	50	0	0
4	1	1	0	0	0	300	200	0	0
5	1	1	0	0	0	350	250	0	0
6	1	1	0	0	0	220	100	0	0
7	1	1	0	0	0	1100	800	0	0
8	1	1	0	0	0	400	320	0	0
9	1	1	0	0	0	300	200	0	0
10	1	1	0	0	0	300	230	0	0
11	1	1	0	0	0	300	260	0	0
12	1	1	0	0	0	0	0	0	0
13	1	1	0	0	0	1200	800	0	0
14	1	1	0	0	0	800	600	0	0
15	1	1	0	0	0	700	500	0	0
16	1	1	0	0	0	0	0	0	0
17	1	1	0	0	0	300	150	0	0
18	1	1	0	0	0	500	350	0	0
19	1	1	0	0	0	700	400	0	0
20	1	1	0	0	0	1200	1000	0	0
21	1	1	0	0	0	300	300	0	0
22	1	1	0	0	0	400	350	0	0
23	1	1	0	0	0	50	20	0	0
24	1	1	0	0	0	50	20	0	0
25	1	1	0	0	0	50	10	0	0
26	1	1	0	0	0	50	30	0	0
27	1	1	0	0	0	100	60	0	0
28	1	1	0	0	0	100	70	0	0
29	1	1	0	0	0	1800	1300	0	0
30	1	1	0	0	0	200	120	0	0
31	1	1	0	0	0	0	0	0	0
32	1	1	0	0	0	1800	1600	0	0
33	1	1	0	0	0	200	150	0	0
34	1	1	0	0	0	200	100	0	0
35	1	1	0	0	0	800	600	0	0
36	1	1	0	0	0	100	60	0	0
37	1	1	0	0	0	100	60	0	0
38	1	1	0	0	0	20	10	0	0
39	1	1	0	0	0	20	10	0	0
40	1	1	0	0	0	20	10	0	0
41	1	1	0	0	0	20	10	0	0
42	1	1	0	0	0	200	160	0	0
43	1	1	0	0	0	50	30	0	0
44	1	1	0	0	0	0	0	0	0
45	1	1	0	0	0	30	20	0	0
46	1	1	0	0	0	800	700	0	0
47	1	1	0	0	0	200	150	0	0
48	1	1	0	0	0	0	0	0	0
49	1	1	0	0	0	0	0	0	0
50	1	1	0	0	0	0	0	0	0
51	1	1	0	0	0	200	160	0	0
52	1	1	0	0	0	800	600	0	0
53	1	1	0	0	0	500	300	0	0
54	1	1	0	0	0	500	350	0	0
55	1	1	0	0	0	500	300	0	0
56	1	1	0	0	0	200	80	0	0
57	1	1	0	0	0	0	0	0	0
58	1	1	0	0	0	30	20	0	0
59	1	1	0	0	0	600	420	0	0
60	1	1	0	0	0	0	0	0	0
61	1	1	0	0	0	20	10	0	0
62	1	1	0	0	0	20	10	0	0
63	1	1	0	0	0	200	130	0	0
64	1	1	0	0	0	300	240	0	0
65	1	1	0	0	0	300	200	0	0
66	1	1	0	0	0	0	0	0	0
67	1	1	0	0	0	50	30	0	0
68	1	1	0	0	0	0	0	0	0
69	1	1	0	0	0	400	360	0	0
70	1	1	0	0	0	0	0	0	0
71	1	1	0	0	0	0	0	0	0
72	1	1	0	0	0	2000	1500	0	0
73	1	1	0	0	0	200	150	0	0
74	1	1	0	0	0	0	0	0	0
75	1	1	0	0	0	0	0	0	0
76	1	1	0	0	0	1200	950	0	0
77	1	1	0	0	0	300	180	0	0
78	1	1	0	0	0	0	0	0	0
79	1	1	0	0	0	400	360	0	0
80	1	1	0	0	0	2000	1300	0	0
81	1	1	0	0	0	200	140	0	0
82	1	1	0	0	0	500	360	0	0
83	1	1	0	0	0	100	30	0	0
84	1	1	0	0	0	400	360	0	0];


%% ----Tie Line Data of the system---- %%

%%--- Line   From    To     R          X    
%%---Number  Bus    Bus (in ohms)  (in ohms)
TL=[84	6	56	0.131000000000000	0.269000000000000	0	1	0
85	8	61	0.131000000000000	0.269000000000000	0	1	0
86	12	44	0.131000000000000	0.269000000000000	0	1	0
87	13	73	0.340600000000000	0.699400000000000	0	1	0
88	14	77	0.458500000000000	0.941500000000000	0	1	0
89	15	19	0.537100000000000	1.08240000000000	0	1	0
90	17	27	0.0917000000000000	0.188300000000000	0	1	0
91	21	84	0.0786000000000000	0.161400000000000	0	1	0
92	29	33	0.0524000000000000	0.107600000000000	0	1	0
93	30	40	0.0786000000000000	0.161400000000000	0	1	0
94	35	47	0.0262000000000000	0.0538000000000000	0	1	0
95	41	43	0.196500000000000	0.403500000000000	0	1	0
96	54	65	0.0393000000000000	0.0807000000000000	0	1	0];


